0,83
0,84
0,12
0,67
0,15
0,7
0,9
0,46
7,49975707530143E-13
0,42
0,53
0,95
0,45
0,88
0,14
0,36
0,31
0,22
0,64
0,27
0,93
0,98
0,86
0,26
0,26
0,29
0,48
0,23
0,69
0,0299999999998495
0,32
0,82
0,23
0,27
0,57
0,33
0,78
0,74
0,92
0,72
0,9
0,46
0,75
0,48
0,55
0,35
0,59
0,96
0,82
0,89
0,65
0,59
0,06
0,66
0,95
0,07
0,87
0,98
0,75
0,87
0,08
0,26
0,36
0,21
0,84
0,98
0,83
0,86
0,0299999999999181
0,89
0,16
0,0499999999999661
0,45
0,78
0,0399999999999507
0,78
0,73
1
0,29
-1,317641811107E-13
0,44
0,39
0,32
0,2
0,95
0,85
0,66
0,6
0,49
0,0399999999999253
0,84
0,29
0,15
0,69
0,65
0,29
0,19
0,44
0,91
0,75
0,17
0,23
0,37
0,92
0,66
0,88
0,0399999999999947
0,0299999999999661
0,91
0,08
0,49
0,14
0,2
0,32
0,16
0,44
0,52
0,92
0,73
0,3
0,0299999999997642
0,3
0,97
0,96
0,58
0,24
0,79
0,76
0,0199999999998139
0,75
0,71
0,86
0,3
0,89
0,109999999999999
0,7
0,61
0,94
0,61
0,38
0,25
0,45
0,32
0,6
0,59
0,42
0,17
0,91
0,11
0,13
0,81
0,86
0,00999999999965959
0,62
0,69
0,6
0,49
0,79
0,9
0,31
0,00999999999984295
0,39
0,66
0,0799999999999999
0,18
0,78
0,29
0,17
0,55
0,25
0,46
0,93
0,37
0,37
0,63
0,63
0,9
0,41
0,0699999999999902
0,42
0,81
0,92
0,75
0,9
0,0799999999999805
0,3
0,0399999999999742
0,84
0,0899999999999905
0,43
0,29
0,94
0,7
0,94
0,88
0,0499999999999987
0,73
0,25
0,0099999999999344
0,16
0,56
0,49
0,0499999999999995
0,24
0,58
0,91
0,92
0,78
0,6
0,22
0,93
0,78
0,37
0,5
0,94
0,24
0,48
0,48
0,83
0,36
0,84
0,2
0,94
0,47
0,59
0,44
0,72
0,27
0,45
0,11
0,71
0,27
0,91
0,56
0,74
0,55
0,25
0,73
0,38
0,66
1
0,09
0,4
0,81
0,81
0,93
0,49
0,81
0,95
0,87
0,22
0,13
0,1
0,25
0,54
0,05
0,76
0,41
0,24
0,99
0,55
0,14
0,54
0,6
0,27
0,93
0,98
0,0299999999989865
0,65
0,59
0,91
0,49
0,119999999999998
0,84
0,58
0,119999999999774
0,0799999999997968
0,95
0,66
0,93
0,92
0,88
0,73
0,249999999999938
0,34
0,7
0,99
0,0799999999990136
0,95
0,0799999999999541
0,53
0,53
0,86
0,99
0,89
0,28
0,97
0,3
0,51
0,0299999999989246
0,8
0,96
0,68
0,94
0,26
0,0899999999999461
0,8
0,95
0,49
0,9
0,27
0,18
0,21
0,11
0,57
0,71
0,94
0,25
0,65
0,88
0,25
0,24
0,99
0,39
0,26
0,00999999999965073
0,179999999999999
0,86
0,93
0,6
0,33
0,34
0,17
0,55
0,42
0,0299999999989711
0,89
0,53
0,109999999999975
0,57
0,52
0,0699999999999968
0,209999999999973
0,3
0,23
0,15
0,16
0,13999999999986
0,6
0,16
0,88
0,18999999999989
0,82
0,25
0,29
0,81
0,52
0,46
0,55
0,99
0,97
0,31
0,13
0,0799999999985376
0,13
0,63
0,78
0,24999999999993
0,22
0,85
0,47
0,229999999999999
0,3
0,66
0,46
0,48
0,93
0,24
0,37
0,119999999998623
0,77
0,84
0,42
0,49
0,55
0,19
0,00999999999953497
0,87
0,55
0,77
0,6
0,62
0,39
0,67
0,96
0,61
0,75
0,65
0,11
0,71
0,56
0,83
0,74
0,0999999999998004
0,61
0,3
0,239999999999997
0,2
0,52
0,4
0,34
0,73
0,93
0,39
0,27
0,96
0,93
0,76
0,66
0,0799999999998046
0,0799999999998043
0,93
0,4
0,71
0,31
0,65
0,79
0,54
0,15
0,96
0,96
0,29
0,0999999999999975
0,98
0,44
0,42
0,5
0,89
0,78
0,96
0,78
0,98
0,33
0,52
0,25
0,6
0,41
0,78
0,0599999999999331
0,0199999999993741
0,35
0,13
0,87
0,039999999999951
0,49
0,59
0,67
0,49
0,99
0,58
0,36
0,62
0,99
0,64
0,79
0,55
0,0399999999996013
0,84
0,81
0,87
0,3
0,63
0,68
0,59
0,21
0,98
0,98
0,6
0,82
0,53
0,32
0,00999999999940557
0,69
0,199999999999999
0,5
0,34
0,37
0,26
0,17
0,87
0,82
0,44
0,24
0,78
0,75
0,149999999999956
0,51
0,85
0,81
-3,52979254982779E-13
0,149999999999998
0,16
0,0499999999989253
0,67
0,47
0,96
0,95
0,81
0,46
0,97
0,64
0,149999999999923
0,13999999999748
0,639999999999804
0,119999999998933
0,10999999999583
0,749999999982743
0,90999999999228
0,109999999993863
0,979999999993286
0,969999999997745
0,710000000001108
0,359999999996526
0,229999999998273
0,629999999982775
0,239999999995479
0,94
0,0999999999989196
0,179999999997523
0,319999999991734
0,799999999983554
0,459999999995853
0,559999999982745
0,449999999997689
0,0399999999939714
0,869999999993347
0,0499999999990257
0,810000000001104
0,63000000000283
0,829999999980096
0,399999999993274
0,679999999999997
0,95
0,0399999999993201
0,349999999996091
0,110000000000921
0,260000000004025
0,139999999995851
0,170000000001616
0,339999999997667
0,739999999993726
0,189999999996648
0,319999999997309
0,870000000001104
0,22999999999831
0,229999999998279
0,609999999982775
0,919999999999997
0,349999999999999
0,0399999999993131
0,379999999996145
0,539999999999814
0,80999999998354
0,329999999995882
0,399999999992829
0,119999999997763
0,499999999993752
0,199999999996706
0,889999999997717
0,860000000001093
0,039999999998502
0,649999999980085
0,469999999993266
0,959999999999997
0,59
0,370000000004347
0,289999999996102
0,659999999999808
0,480000000004028
0,419999999995827
0,959999999982744
0,849999999992299
0,789999999993744
0,23999999999666
0,719999999997733
0,0599999999989678
0,740000000002814
0,639999999980098
0,729999999982775
0,359999999993346
0,479999999999999
0,90999999998169
0,58999999999319
0,899999999999802
0,380000000004007
0,599999999995451
0,0299999999996219
0,44999999999764
0,879999999993673
-3,29744501235214E-12
0,159999999998837
0,049999999998951
0,419999999996519
0,669999999980113
0,379999999993285
0,979999999999997
0,74
0,260000000004335
0,0399999999976256
0,949999999999819
0,350000000004055
0,489999999995912
0,349999999992823
0,159999999997699
0,529999999993862
0,0699999999968176
0,979999999997701
0,20999999999896
0,0599999999985148
0,669999999980074
0,509999999982776
0,959999999999997
0,69
0,969999999981665
0,709999999993157
0,709999999999798
0,899999999983589
0,239999999995765
0,259999999992852
0,519999999992257
0,0799999999937852
0,299999999996654
0,0299999999990065
0,109999999998899
0,820000000002733
0,919999999980119
0,289999999993289
0,689999999999997
0,85
0,649999999981711
0,919999999993153
0,729999999999797
0,0399999999992711
0,229999999995758
0,969999999982743
0,309999999997618
0,109999999993776
0,38999999999665
0,91999999999776
0,980000000001112
0,89000000000273
0,84999999998012
0,749999999982774
0,969999999999997
0,319999999999999
0,440000000004331
0,529999999993159
0,189999999994491
0,229999999998429
0,62999999999543
0,220000000001597
0,019999999997725
0,87999999999364
0,649999999993237
0,259999999997282
0,439999999996585
0,159999999998284
0,219999999998262
0,0499999999994683
0,309999999993338
0,94
0,92999999998171
0,139999999997446
0,939999999999798
0,959999999983587
0,639999999995427
0,509999999982744
0,579999999992258
0,359999999993533
0,0899999999966698
0,00999999999900727
0,109999999998899
0,279999999996507
0,919999999980118
0,959999999982774
0,189999999995474
0,9
0,5
0,289999999996182
0,459999999991743
0,49000000000406
0,0999999999959847
0,429999999992818
0,839999999992354
0,199999999994046
0,939999999993419
0,969999999997693
0,149999999998964
0,980000000002923
0,280000000004168
0,899999999982776
0,519999999999997
0,59
0,420000000004353
0,199999999997464
0,589999999999801
0,0599999999992765
0,649999999995448
0,939999999982744
0,729999999992269
0,0999999999938274
0,449999999996672
0,0999999999987743
0,80000000000111
0,990000000002754
0,0499999999993185
0,769999999982774
0,49999999999334
0,71
0,189999999998295
0,219999999997429
0,999999999999796
0,959999999983593
0,589999999995404
0,459999999992854
0,249999999997573
0,0599999999937478
0,509999999993213
0,969999999997761
0,590000000001112
0,0999999999983809
0,829999999980123
0,220000000001412
0,779999999999997
0,77
0,989999999981714
0,849999999993136
0,779999999999795
0,280000000003989
0,119999999995745
0,659999999982743
0,249999999997569
0,309999999993485
0,529999999993205
0,419999999997271
0,630000000001112
0,199999999998274
0,229999999998256
0,119999999999288
0,759999999999997
0,149999999998785
0,799999999981715
0,829999999993255
0,57999999999981
0,490000000004031
0,919999999995527
0,769999999982744
0,449999999997686
0,779999999993769
0,719999999993335
0,24999999999885
0,600000000001101
0,429999999996547
0,330000000004157
0,879999999982776
0,0599999999995948
0,63
0,969999999981688
0,289999999960664
0,169999999885925
0,139999999929365
0,939999999936135
0,409999999641905
0,119999999724177
0,279999999949719
0,239999999407475
0,669999999912159
0,529999999969255
0,0599999969932765
0,20999999989241
0,209999999946405
0,939999999495655
0,679999999310488
0,339999999963967
0,899999999960563
0,569999999885775
0,939999999929452
0,299999999936187
0,319999999641383
0,0799999997237816
0,669999999949657
0,389999999406621
0,999999999912101
0,609999999969195
0,559999996988928
0,749999999892246
0,959999999946347
0,239999999494941
0,489999999309489
0,459999999963933
0,959999999960579
0,4199999998858
0,299999999929269
0,249999999936148
0,28999999964159
0,619999999723959
0,429999999949685
0,0599999994069572
0,919999999912129
0,279999999969285
0,0399999969906275
0,129999999892303
0,559999999946345
0,5699999994952
0,1599999993099
0,879999999963989
0,819999999960587
0,459999999885921
0,799999999929516
0,619999999936139
0,139999999641912
0,929999999724168
0,299999999949724
0,309999999407492
0,339999999912179
0,0999999999693464
0,529999996993369
0,509999999892393
0,67999999994636
0,249999999495671
0,349999999310507
0,769999999964052
0,869999999960567
0,739999999885814
0,809999999929465
0,569999999936086
0,0699999996414605
0,0199999997238427
0,249999999949673
0,219999999406753
0,879999999912106
0,519999999969201
0,109999996989591
0,579999999892265
0,00999999994633812
0,199999999495053
0,509999999309654
0,849999999963957
0,529999999960576
0,389999999885833
0,329999999929283
0,339999999936225
0,179999999641686
0,039999999724016
0,429999999949692
0,329999999407118
0,749999999912148
0,869999999969227
0,539999996991455
0,249999999892342
0,749999999946345
0,129999999495364
0,439999999310088
0,439999999963957
0,389999999960672
0,149999999885976
0,749999999929514
0,229999999936246
0,389999999642064
0,75999999972425
0,999999999949758
0,689999999407714
0,189999999912217
0,599999999969259
0,559999996994462
0,719999999892411
0,579999999946379
0,469999999495861
0,499999999310773
0,539999999964067
0,499999999960636
0,669999999885887
0,569999999929503
0,889999999936112
0,839999999641703
0,799999999724057
0,769999999949726
0,369999999407181
0,689999999912153
0,949999999969232
0,489999996991758
0,799999999892344
0,989999999946341
0,809999999495397
0,459999999310129
0,0699999999639727
0,989999999960575
0,989999999885822
0,649999999929478
0,749999999936098
0,819999999641491
0,709999999723905
0,919999999949698
0,559999999406829
0,0799999999120843
0,979999999969201
0,19999999699007
0,399999999892288
0,0599999999463455
0,839999999495079
0,169999999309762
0,489999999963948
0,0699999999606647
0,699999999885824
0,539999999929477
0,289999999936212
0,85999999964149
0,409999999723876
0,409999999949675
0,479999999406856
0,849999999912123
0,0599999999693084
0,369999996990016
0,969999999892287
0,799999999946348
0,239999999495131
0,139999999309756
0,759999999963975
0,639999999960574
0,139999999885867
0,379999999929281
0,829999999936117
0,809999999641629
0,0499999997239904
0,79999999994972
0,429999999407055
0,00999999991211786
0,749999999969219
0,229999996991189
0,36999999989232
0,909999999946347
0,129999999495311
0,459999999310018
0,84999999996401
0,429999999960592
0,559999999885809
0,839999999929464
0,179999999936127
0,199999999641451
0,519999999723835
0,709999999949677
0,65999999940674
0,619999999912104
0,769999999969196
0,369999996989506
0,819999999892259
0,149999999946332
0,139999999495037
0,789999999309638
0,769999999963956
0,0799999999606569
0,239999999885803
0,619999999929457
0,389999999936194
0,00999999964144507
0,489999999723829
0,529999999949679
0,119999999406723
0,23999999991208
0,999999999969197
0,319999996989456
-1,07738358637617E-10
0,639999999946357
0,169999999495027
0,33999999930962
0,619999999963957
0,369999999960581
0,269999999885734
0,539999999929454
0,829999999936076
0,309999999641384
0,569999999723794
0,0299999999496743
0,869999999406663
0,049999999912053
0,339999999969283
0,0699999969889834
0,419999999892239
0,229999999946323
0,73999999949493
0,569999999309572
0,439999999963934
0,979999999960563
0,659999999885772
0,579999999929452
0,259999999936186
0,0499999996413782
0,179999999723781
0,879999999949659
0,349999999406616
0,279999999912043
0,63999999996919
0,119999996988885
0,68999999989224
0,629999999946346
0,489999999494928
0,159999999309496
0,81999999996395
0,199999999960666
0,329999999885758
0,0699999999292535
0,709999999936089
0,449999999641455
0,809999999723838
0,43999999994967
0,239999999406721
0,679999999912107
0,0499999999693019
0,50999999698951
0,739999999892259
0,909999999946353
0,779999999495028
0,17999999930963
0,319999999963941
0,30999979592994
0,0799999992845776
0,319999888213952
0,289999984349717
0,259999978501268
0,68999992531546
0,489999977797685
0,359999966902139
0,0999999955974639
0,979999993742834
0,319999936220086
0,769999964271546
0,659999914578538
0,709999988595484
0,609999991613884
0,0499996810624992
0,129999796022981
0,949999999284883
0,139999888264931
0,579999984356832
0,339999978511073
0,0499999253495525
0,0199999778078181
0,749999966917215
0,249999995599477
0,959999993745639
0,119999936249182
0,189999964287873
0,44999991461751
0,709999988600683
0,769999991617709
0,10999968120794
0,469999795934233
0,799999999284578
0,479999888216319
0,689999984350009
0,739999978501708
0,459999925317085
0,489999977798156
0,279999966902799
0,969999995597555
0,519999993742924
0,799999936221403
0,339999964272313
0,109999914580348
0,439999988595721
0,0999999916140394
0,559999681069244
0,159999795952183
0,709999999284677
0,209999888226156
0,659999984351448
0,539999978503617
0,00999992532364612
0,0199999778001176
0,369999966905719
0,669999995597961
0,0399999937434695
0,209999936227053
0,289999964275456
0,239999914587877
0,799999988596776
0,849999991614825
0,379999681097307
0,0599997963414967
0,849999999286084
0,0999998884394092
0,639999984381271
0,209999978544616
0,0399999254661168
0,739999977842439
0,189999966968866
0,679999995606375
0,859999993755383
0,0299999363487243
0,7699999643436
0,379999914750834
0,939999988618522
0,439999991630769
0,0599996817057124
0,279999796072578
0,719999999285062
0,99999988829212
0,109999984360645
0,259999978516263
0,179999925367699
0,859999977813215
0,87999996692523
0,849999995600524
0,259999993747172
0,229999936264664
0,259999964296546
0,549999914638189
0,479999988603455
0,469999991619736
0,0399996812854285
0,39999979593453
0,919999999284577
0,109999888216478
0,459999984350096
0,159999978501749
0,0899999253171896
0,599999977798148
0,969999966902874
0,719999995597559
0,219999993742941
0,349999936221507
0,839999964272391
0,639999914580516
0,369999988595736
0,679999991614041
0,219999681069699
0,489999796273275
0,239999999285795
0,0599998884020376
0,589999984376062
0,07999997853743
0,209999925441159
0,0299999778350523
0,0699999669578055
0,82999999560487
0,609999993753289
0,499999936327413
0,829999964331669
0,749999914722298
0,0599999886146622
0,21999999162797
0,179999681599114
0,73999979595873
0,939999999284698
0,0599998882297013
0,209999984351913
0,839999978504262
0,669999925326029
0,429999977800853
0,249999966906794
0,439999995598074
0,0499999937436671
0,0299999362290846
0,0299999642766049
0,6099999145906
0,279999988597092
0,559999991615057
0,0699996811074268
0,0999997959292018
0,0899999992845766
0,389999888213555
0,229999984349644
0,73999997850113
0,879999925315178
0,609999977797651
0,529999966901996
0,429999995597441
0,419999993742772
0,449999936219853
0,359999964271439
0,019999914578241
0,969999988595427
0,589999991613865
0,0499996810613607
0,0799997971713939
0,859999999288932
0,0299998888940095
0,20999998444492
0,649999978632043
-7,42301705408468E-08
0,819999977932751
0,869999967103468
0,589999995624262
0,769999993780841
0,929999936608073
0,619999964488928
0,00999991509820254
0,179999988664855
0,689999991664912
0,959999683002812
0,059999795953114
0,749999999284684
0,749999888226605
0,969999984351528
0,45999997850368
0,869999925324023
0,899999977800111
0,319999966905864
0,429999995597975
0,209999993743497
0,759999936227341
0,269999964275619
0,40999991458823
0,669999988596823
0,74999999161486
0,409999681098734
0,679999795928736
0,599999999284578
0,359999888213302
0,419999984349645
0,689999978501068
0,789999925315063
0,449999977797575
0,259999966901949
0,359999995597418
0,98999999374278
0,299999936219718
0,0899999642713522
0,329999914578071
0,609999988595416
0,239999991613804
0,369999681060624
0,679999796067551
0,729999999285064
0,479999888289342
0,649999984360266
0,169999978515762
0,139999925365872
-2,21873289948632E-08
0,279999966924437
0,189999995600424
0,279999993747012
0,539999936263145
0,509999964295679
0,459999914636133
0,089999988603172
0,419999991619525
0,96999968127759
0,469999796245185
0,849999999285709
0,399999888386649
0,899999984373914
0,879999978534474
0,639999925430891
0,899999977831948
0,28999996695326
0,75999999560423
0,769999993752482
0,709999936318573
0,839999964326791
0,309999914710485
0,409999988613084
0,499999991626796
0,139999681555183
0,259999795921737
0,729999999284553
0,809999888209465
0,00999998434907857
0,45999997850039
0,40999992531251
0,0399999777968035
0,699999966900801
0,669999995597273
0,139999993742535
0,0599999362175418
0,15999996427014
0,509999914575143
0,519999988594993
0,559999991613531
0,519999681049703
0,599996436773895
0,469997554405079
0,449997021567341
0,229996432081901
0,369994735987991
0,539994874915055
0,599998948745155
0,469994835264469
0,139994196968776
0,689998618674413
0,809992062197368
0,429996776480132
0,189990455658403
0,719999487872543
0,639992073792111
0,769982027523615
0,489996420201816
0,619997543030992
0,159997007715055
0,0999964154879832
0,649994711505696
0,329994851078942
0,589998943855893
0,339994811243973
0,109994169979643
0,289998612250035
0,649992025279734
0,0699967614880019
0,569990411268981
0,269999485490783
0,739992036928464
0,319981943936011
0,809996432103022
0,619997551199278
0,149997017663048
0,949996427404882
0,899994729087646
0,15999486819683
0,469998947367149
0,909994828494306
0,609994189361845
0,909998616863694
0,159992051792047
0,199996772254609
0,0999904431471905
0,459999487201308
0,319992063402037
0,219982003964348
0,559996421896744
0,499997544194204
0,749997009131803
0,749996417185145
0,629994714009656
0,419994853516845
0,139998944355984
0,359994813700697
0,0899941727399821
0,579998612907132
0,059992029055465
0,0699967630213386
0,139990415808945
0,229999485734396
0,169992040698655
0,619981952484937
0,369996422163316
0,529997544377296
0,619997009354638
0,339996417452092
0,479994714403545
0,319994853900214
0,969998944434618
0,509994814087089
0,149994173174133
0,839998613010427
0,179992029649343
0,949996763262536
0,779990416523052
0,879999485772683
0,439992041291658
0,349981953829569
0,459996427924492
0,0299975483313497
0,939997014170301
0,629996423220856
0,0699947229145969
0,1099948621867
0,749998946134334
0,309994822437656
0,619994182556736
0,539998615243851
0,799992042483431
0,0199967684744265
0,589990431954707
0,739999486600741
0,339992054107071
0,25998198288826
0,0699964223373712
0,449997544496622
0,199997009500124
0,98999641762635
0,239994714660646
0,249994854150593
0,969998944486072
0,439994814339347
0,699994173457617
0,849998613077933
0,279992030037039
0,829996763419989
0,199990416989202
0,0399994857977214
0,68999204167884
0,389981954707547
0,239996422401779
0,569997544540871
0,589997009554018
0,569996417690825
0,529994714755834
0,8199948542433
0,159998944504988
0,269994814432761
0,779994173562551
0,289998613102898
0,849992030180603
0,599996763478236
0,899990417161775
0,779999485806915
0,839992041822176
0,449981955032471
0,0299964206029863
0,5499975433063
0,0399970080503786
0,0399964158896802
0,429994712098396
0,169994851655995
0,849998943974293
0,409994811825449
0,349994170633005
0,149998612405558
0,639992026173337
0,259996761850952
0,00999041234353601
0,81999948554842
0,8699920378207
0,53998194595941
0,219996421249301
0,91999754374988
0,319997008590591
0,239996416536843
0,0399947130531996
0,579994852585547
0,419998944164939
0,079994812762227
-5,82831445349008E-06
0,1999986126561
0,119992027613127
0,30999676243561
0,0599904140746854
0,559999485641356
0,299992039258413
0,309981949219282
0,239996426492009
0,779997547348184
0,349997012972895
0,0199964217864776
0,469994720798403
0,709994860126326
0,319998945711719
0,459994820361365
0,559994180223816
0,739998614688542
0,00999203929237583
0,939996767178537
0,94999042811774
0,799999486394825
0,0599920509206318
0,319981975663043
0,349996422907857
0,389997544888198
0,83999700997695
0,439996418197546
0,199994715503409
0,37999485497107
0,299998944654278
0,889994815166221
0,899994174386689
0,889998613299104
0,50999203130783
0,93999676393604
0,71999041851722
0,869999485879677
0,889992042947782
0,209981957584861
0,789996425860343
0,509997546914589
0,799997012444878
0,689996421153988
0,679994719865216
0,9199948592178
0,169998945525368
0,349994819445795
0,779994179195092
0,299998614443658
0,739992037885241
0,889996766607091
0,52999042642573
0,859999486304085
0,0799920495155242
0,789981972477035
0,619996421079124
0,269997543633102
0,869997008448446
0,679996416366535
0,609994712801853
0,749994852340887
0,789998944114713
0,859994812515593
0,939994171408457
0,0799986125901583
0,539992027234163
0,809996762281742
0,329990413618982
0,339999485616878
0,109992038879989
0,329981948361189
0,819996420901472
0,849997543511117
0,379997008299896
0,71999641618855
0,769994712539303
0,89999485208528
0,889998944062362
0,609994812258125
0,64999417111914
0,80999861252131
0,479992026838296
0,47999676212096
0,549990413143077
0,959999485591361
0,0699920384847325
0,0399819474649882
0,85999644221268
0,589997558137885
0,449997026113474
0,759996437527798
0,679994744022672
0,359994882737694
0,429998950349753
0,669994843147673
0,389994205826206
0,989998620782783
0,469992074313156
0,269996781400413
0,609990470226345
0,829999488654355
0,929992085890319
0,669982054955923
0,105853624447023
0,488135906591553
0,269737737786001
0,599511515050578
0,569103081382358
0,0854462545823007
0,49913949742942
0,207401266602127
0,0664434963765731
0,519210037659135
0,139337186119231
0,879677401146613
0,26802236116078
0,437376122525521
0,91975189274527
0,0997348423240016
0,115852100919262
0,868135221641496
0,389737641420865
0,609511335561903
0,82910275182191
0,235444581381595
0,949139181249496
0,927400311736151
0,286442189587531
0,42920974739923
0,76933694257679
0,90967728261246
0,888021634502834
0,807375158423554
0,719751801581271
0,229734744894813
0,0758529055451897
0,0981355833850946
0,779737692314621
0,71951143035599
0,309102925873718
0,515445465055527
0,139139348234959
0,0574008160327532
0,766442879745859
0,119209900695327
0,439337071199539
0,839677345214347
0,0980220182751391
0,0873756675981826
0,579751849728022
0,469734796350466
0,785852579628307
0,538135436861405
0,949737671699906
0,919511391959335
0,279102855373489
0,415445107119093
0,0691392805966819
0,497400611765272
0,3364426001948
0,899209838602075
0,819337019100498
0,0196773198571517
0,408021862827038
0,127375461354663
0,559751830225926
0,0597347755081928
0,0058531745233946
0,108135704321905
0,0297377093282796
0,22951146204572
0,369102984058014
0,745445760453197
0,509139404057006
0,517400984613065
0,616443110461245
0,699209951940379
0,529337114197346
0,219677366141483
0,33802214656777
0,817375837807218
0,00975186582342678
0,949734813552079
0,375853225057768
0,328135727040483
0,279737712524495
0,499511467998919
0,759102994989063
0,135445815952199
0,489139414543943
0,937401016285164
0,406443153805837
0,139209961567957
0,149337122275494
0,479677370073162
0,838022170669978
0,387375869785939
0,849751868847154
0,419734816783555
0,16585198559754
0,478135169793412
0,919737634126539
0,559511321975439
0,679102726876095
0,295444454731572
0,0191391573165555
0,337400239458916
0,00644209067142161
0,579209725428437
0,259336924142062
0,489677273640131
0,00802157949911781
0,367375085447546
0,389751794680624
0,739734737519893
0,375852862837201
0,378135564192271
0,389737689613531
0,7695114253253
0,209102916635739
0,765445418147323
0,849139339371874
0,437400789264774
0,586442843114965
0,55920989255847
0,799337064372963
0,929677341891484
0,368021997906448
0,657375640569952
0,0397518471727641
0,879734793619687
0,575853135621588
0,338135686834537
0,149737706867593
0,639511457462671
0,959102975642991
0,825445717728461
0,929139395983276
0,51740096023108
0,216443077093138
0,60920994452882
0,919337107978878
0,709677363114711
0,158022128013409
0,27737581318943
0,909751863495623
0,509734811064323
0,625851814045569
0,858135092668349
0,849737623275744
0,699511301764957
0,719102689767048
0,00544426632515281
0,519139121714146
0,537400131938996
0,666441943524774
0,709209692744513
0,469336896718814
0,199677260292938
0,328021497676347
0,507374976887376
0,469751784415427
0,439734726549312
0,355854199484389
0,628136165145085
0,0497377741593355
0,449511582799668
0,389103205771336
0,305446886094119
0,959139616768655
0,447401627000626
0,476443989611275
0,549210147213201
0,279337278042799
0,729677445885688
0,98802263543217
0,107376486404423
0,849751927155135
0,129734879098863
0,57585267596067
0,128135480169698
0,719737677792966
0,149511403308361
0,259102876211498
0,335445212915745
0,519139300588729
0,35740067214135
0,236442682822603
0,969209856955258
0,849337034499585
0,909677327352059
0,228021908773356
0,317375522314924
0,889751835990309
0,829734781668611
0,675854401959081
0,0281362561876285
0,899737786966547
0,739511606654774
0,289103249570631
0,825447108454596
0,109139658789197
0,43740175390109
0,176444163285239
0,0392101857885106
0,44933731041045
0,86967746163876
0,868022732005955
0,417376614530508
0,489751939271464
0,729734892047834
0,14585152873329
0,478134964398759
0,819737605229383
0,0495112681521288
0,759102628049939
0,765443952982454
0,299139062502899
0,337399953120281
0,786441698801491
0,659209638387266
0,109336851110531
0,0396772380949168
0,728021361594729
0,34737479633866
0,24975176734315
0,679734708303734
0,705853712294416
0,0481359461098891
0,779737743343612
0,349511525403399
0,489103100386086
0,635446351046179
0,48913951566207
0,377401321656703
0,656443571729366
0,399210054395159
0,259337200163052
0,549677407981199
0,108022403064379
0,927376178108254
0,0597518980028268
0,949734847943406
0,705857129293677
0,528137482496115
0,38973795947908
0,0995119279853686
0,519103839536173
0,0954501036316308
0,879140224801191
0,187403463220808
0,536446502636205
0,589210705388952
0,739337746391497
0,5596776738297
0,498024032854015
0,867378340355768
0,979752102472111
0,809735066467998
-0,269415603497082
-0,427962716478098
-0,380796105222394
-0,633612426414063
0,00742485267940593
-0,435337721316358
-0,762977496730117
-0,322820236307491
-0,234185584159001
-0,182860185976905
-0,79503240581641
-0,0794832706791089
0,047312055925851
-0,380451263188517
0,193139074894809
-0,784035063525847
-0,559324712385767
-0,74786326644983
-0,860700945449504
-0,813521326551197
-0,732484522795926
-0,775241523160188
0,0171148037498125
-0,222725108703216
-0,20408984142006
-0,792766794758561
-0,46493522171533
-0,55939124309992
-0,302592574227338
-0,18035202129759
0,133174366877953
-0,29394030543692
-0,360381424858192
-0,649255108712561
-0,422123418791002
-0,524959207143789
0,106360779538214
-0,506497475105242
-0,614104272042426
-0,724008017759986
-0,855444244159726
-0,164049260285778
-0,706292196209534
-0,300541788964801
-0,593943681353979
-0,0817627357787336
0,622672226976851
-0,63529243145964
-0,520290600359249
-0,689135595312078
-0,522001061324367
-0,314835113807057
-0,233539752151239
-0,166389349645829
-0,583999262004594
-0,333897442099222
-0,435327982479749
-0,66393867967255
-0,186175787820327
-0,160442763406595
-0,843827611660666
-0,601641648635995
-0,257282074746873
-0,395176183677459
-0,520345471137256
0,0107930482006171
0,0479262987604502
-0,454908696956045
-0,733599952721679
-0,62645482637
-0,224062867364308
-0,16396440409167
0,00460212363023685
-0,524005620887687
0,0437543683757058
-0,440502673150453
-0,0238974512843371
-0,351713767068175
-0,227308818375125
-0,0852461967855056
-0,119914185508568
-0,00862177579841258
0,00853017848762241
-0,144294369592918
0,0568746735111073
-0,085934153510854
0,0664409493005135
-0,583431001113182
-0,73483195940951
-0,233472030399383
0,0443213314032631
-0,0900303558462688
-0,0833328107327995
-0,571118991701874
0,282904309142713
-0,0946810275908456
-0,180319041494883
0,0408271768187232
-0,0720385525625518
0,00512701491660343
-0,653570915708461
-0,0264232916161268
-0,744032234402831
-0,13393208767794
-0,815364306197266
-0,653973305062722
-0,556212194346897
-0,110473769721317
-0,543863878515214
-0,101679099749363
0,0827035133312732
-0,375212509675082
-0,0799722696900121
-0,36870961097687
-0,351562994429826
-0,374390228782547
-0,203190674122
-0,0460085702643429
-0,283630197278804
-0,783507535010567
-0,334914682967277
-0,0435486927579152
-0,485761831335349
-0,690095033901407
-0,123415333086722
-0,481209160440215
0,552866241295008
-0,274763502686028
-0,259802539120948
0,101517341037786
-0,16132372873233
-0,724146982408026
-0,433004311875323
-0,675809263754527
-0,763434407721189
-0,573305098417421
0,145300617312059
-0,703346826964332
-0,305544867670191
-0,23990953990825
-0,133201037904738
-0,120975762298658
0,532945288399673
-0,0945494917602688
-0,620357124278186
-0,179222427407453
-0,0320898192096296
-0,114925040455158
-0,0536126441418664
0,153531586164906
0,0759238430980313
-0,723978261442651
-0,0554127199839749
-0,684019519107994
-0,276260555721386
-0,500515320297123
-0,56391224483431
-0,78172957038387
0,372684540354454
-0,00526098334783377
-0,450268784131289
-0,829106412591671
-0,251971224097449
-0,7348048047221
-0,28351589815361
-0,606363494644673
-0,473974095201256
-0,433870999059485
-0,235299642809743
0,146087842971738
-0,376147375118234
-0,420418979188816
-0,243799373601595
-0,711612137153433
0,522726209969697
-0,615147919698214
-0,320437735351808
-0,319328796266926
-0,00219900087901209
-0,465035859510778
-0,723700899726334
-0,656564457989902
0,00583061615560743
-0,7540764759897
-0,535516086942591
-0,354117719977519
-0,00636405779516546
-0,000603200429981464
-0,134015415532407
-0,221837460042144
0,672645181355497
-0,135364299118081
-0,129967173029359
-0,148705613011325
-0,711558816318546
-0,414386913292298
-0,513185496916379
-0,0560037556856701
-0,463625361849991
-0,213502409155957
-0,444910560200257
-0,353543291697805
-0,23575791130828
-0,57008993811668
-0,753410860365176
-0,30120458528613
-0,28711692310626
-0,264758841106237
-0,180122985800947
-0,318908410997383
-0,511766723040888
0,0154029414847339
-0,713355937532052
-0,416188329477031
0,136195322017064
0,126308800948769
0,134892036345961
0,156268059094413
-0,495955287653967
-0,150259680089578
-0,553608140935051
-0,321410673547604
0,57279708725744
-0,224956499539445
-0,500411264586138
-0,56929412411943
-0,562163505087367
-0,0449998624834339
-0,423671943787971
-0,746533039813372
-0,454138842534086
-0,0140443456590549
-0,415482310355414
0,0759144315774092
-0,236330259431253
-0,680574362695598
-0,693981690875044
-0,691802324921296
0,622657931090629
-0,705330511104577
-0,640407794944898
-0,65928956553186
-0,872158766058289
-0,0649950746024668
-0,143668144525341
0,0034711122360878
-0,604134827251342
0,0959599122414882
-0,645477856543734
-0,744081319562099
-0,606325805023835
-0,70057058372073
-0,103977247508591
0,0782023281037589
-0,137339989055586
-0,705326066682505
-0,17519727012551
-0,211039058531695
0,318842264180912
0,16958377135748
0,206292106817441
0,0771207072268895
0,416762479957497
0,247584395810084
-0,0309404085901135
-0,103366082630031
-0,0618374399723373
-0,123652084825566
0,0504210347002602
-0,0440538247076056
0,276783293736332
0,133134824372884
0,112833875498698
0,00945773220963873
0,216883062411046
0,0833914423581191
0,0538153584006087
-0,0417420785223017
0,131371581430062
0,0175340596900945
0,0673139154288298
-0,0309652270156003
0,416220330262103
0,240021859149526
2,01552390910576
-1,41148489727248
0,192081717460096
0,0633790565532367
